1	1,
2	2,
6	3,
32	1,
33	2,
34	3,
38	4,
39	5,
40	6,
44	7,
45	8,
46	9,
64	2,
65	3,
66	4,
70	5,
71	6,
72	7,
76	8,
77	9,
78	10,
96	3,
97	4,
98	5,
102	6,
103	7,
104	8,
108	9,
109	10,
110	11,
128	4,
129	5,
130	6,
134	7,
135	8,
136	9,
140	10,
160	5,
161	6,
162	7,
166	8,
167	9,
168	10,
172	11,
192	6,
193	7,
194	8,
198	9,
224	7,
225	8,
226	9,
230	10,
256	8,
257	9,
258	10,
262	11,
288	9,
289	10,
290	11,
294	12,
320	10,
352	11,
516	3,
517	4,
518	5,
522	6,
523	7,
524	8,
528	9,
529	10,
530	11,
534	12,
548	4,
549	5,
550	6,
554	7,
555	8,
556	9,
560	10,
561	11,
562	12,
566	13,
580	5,
581	6,
582	7,
586	8,
587	9,
588	10,
592	11,
593	12,
594	13,
598	14,
612	6,
613	7,
614	8,
618	9,
619	10,
620	11,
624	12,
625	13,
626	14,
630	15,
644	7,
645	8,
646	9,
650	10,
651	11,
652	12,
676	8,
677	9,
678	10,
682	11,
683	12,
684	13,
708	9,
709	10,
710	11,
714	12,
715	13,
716	14,
740	10,
741	11,
742	12,
746	13,
747	14,
748	15,
772	11,
773	12,
774	13,
804	12,
805	13,
806	14,
836	13,
868	14,
1028	5,
1032	6,
1033	7,
1034	8,
1038	9,
1039	10,
1040	11,
1044	12,
1045	13,
1046	14,
1060	6,
1064	7,
1065	8,
1066	9,
1070	10,
1071	11,
1072	12,
1076	13,
1077	14,
1078	15,
1092	7,
1096	8,
1097	9,
1098	10,
1102	11,
1103	12,
1104	13,
1108	14,
1124	8,
1128	9,
1129	10,
1130	11,
1134	12,
1135	13,
1136	14,
1140	15,
1156	9,
1160	10,
1161	11,
1162	12,
1166	13,
1188	10,
1192	11,
1193	12,
1194	13,
1198	14,
1220	11,
1224	12,
1225	13,
1226	14,
1230	15,
1252	12,
1256	13,
1257	14,
1258	15,
1262	16,
1284	13,
1316	14,
1544	8,
1548	9,
1549	10,
1550	11,
1554	12,
1555	13,
1556	14,
1576	9,
1580	10,
1581	11,
1582	12,
1586	13,
1587	14,
1588	15,
1608	10,
1612	11,
1613	12,
1614	13,
1618	14,
1640	11,
1644	12,
1645	13,
1646	14,
1650	15,
1672	12,
1676	13,
1677	14,
1678	15,
1704	13,
1708	14,
1709	15,
1710	16,
1736	14,
1740	15,
1741	16,
1742	17,
1768	15,
1772	16,
1773	17,
1774	18,
2054	7,
2060	11,
2064	12,
2065	13,
2066	14,
2070	15,
2086	8,
2092	12,
2096	13,
2097	14,
2098	15,
2102	16,
2118	9,
2124	13,
2128	14,
2150	10,
2156	14,
2160	15,
2182	11,
2188	15,
2214	12,
2220	16,
2246	13,
2278	14,
2310	15,
2336	13,
2337	14,
2338	15,
2342	16,
2368	14,
2400	15,
2564	7,
2565	8,
2566	9,
2570	10,
2576	14,
2580	15,
2596	8,
2597	9,
2598	10,
2602	11,
2608	15,
2612	16,
2628	9,
2629	10,
2630	11,
2634	12,
2660	10,
2661	11,
2662	12,
2666	13,
2692	11,
2693	12,
2694	13,
2698	14,
2724	12,
2725	13,
2726	14,
2730	15,
2756	13,
2757	14,
2758	15,
2762	16,
2788	14,
2789	15,
2790	16,
2794	17,
2820	15,
2852	16,
3074	7,
3075	8,
3076	9,
3080	10,
3081	11,
3082	12,
3086	13,
3106	8,
3107	9,
3108	10,
3112	11,
3113	12,
3114	13,
3118	14,
3138	9,
3139	10,
3140	11,
3144	12,
3145	13,
3146	14,
3150	15,
3170	10,
3171	11,
3172	12,
3176	13,
3177	14,
3178	15,
3182	16,
3202	11,
3203	12,
3204	13,
3208	14,
3209	15,
3210	16,
3214	17,
3234	12,
3235	13,
3236	14,
3240	15,
3241	16,
3242	17,
3246	18,
3266	13,
3267	14,
3268	15,
3272	16,
3298	14,
3299	15,
3300	16,
3304	17,
3330	15,
3362	16,
3584	7,
3585	8,
3586	9,
3590	10,
3591	11,
3592	12,
3596	13,
3597	14,
3598	15,
3602	16,
3616	8,
3617	9,
3618	10,
3622	11,
3623	12,
3624	13,
3628	14,
3629	15,
3630	16,
3634	17,
3648	9,
3649	10,
3650	11,
3654	12,
3655	13,
3656	14,
3660	15,
3661	16,
3662	17,
3680	10,
3681	11,
3682	12,
3686	13,
3687	14,
3688	15,
3692	16,
3693	17,
3694	18,
3712	11,
3713	12,
3714	13,
3718	14,
3719	15,
3720	16,
3724	17,
3744	12,
3745	13,
3746	14,
3750	15,
3751	16,
3752	17,
3756	18,
3776	13,
3777	14,
3778	15,
3782	16,
3808	14,
3809	15,
3810	16,
3814	17,
3840	15,
3872	16,
4100	10,
4101	11,
4102	12,
4106	13,
4107	14,
4108	15,
4132	11,
4133	12,
4134	13,
4138	14,
4139	15,
4140	16,
4164	12,
4165	13,
4166	14,
4170	15,
4196	13,
4197	14,
4198	15,
4202	16,
4228	14,
4229	15,
4230	16,
4260	15,
4261	16,
4262	17,
4292	16,
4324	17,
4612	12,
4616	13,
4617	14,
4618	15,
4622	16,
4644	13,
4648	14,
4649	15,
4650	16,
4654	17,
4676	14,
4680	15,
4681	16,
4682	17,
4686	18,
4708	15,
4712	16,
4713	17,
4714	18,
4718	19,
4740	16,
4772	17,
5128	15,
5132	16,
5160	16,
5164	17,
5638	14,
5670	15,
5702	16,
5734	17,
5766	18,
5798	19,
6148	14,
6149	15,
6150	16,
6180	15,
6181	16,
6182	17,
6212	16,
6244	17,
6658	14,
6659	15,
6660	16,
6690	15,
6691	16,
6692	17,
6722	16,
6754	17,
7168	14,
7169	15,
7170	16,
7174	17,
7200	15,
7201	16,
7202	17,
7206	18,
7232	16,
7264	17,
7684	17,
7716	18,
8200	6,
8204	7,
8205	8,
8206	9,
8210	10,
8211	11,
8212	12,
8216	13,
8217	14,
8218	15,
8222	16,
8232	7,
8236	8,
8237	9,
8238	10,
8242	11,
8243	12,
8244	13,
8248	14,
8249	15,
8250	16,
8254	17,
8264	8,
8268	9,
8269	10,
8270	11,
8274	12,
8275	13,
8276	14,
8280	15,
8281	16,
8282	17,
8286	18,
8296	9,
8300	10,
8301	11,
8302	12,
8306	13,
8307	14,
8308	15,
8312	16,
8313	17,
8314	18,
8318	19,
8328	10,
8332	11,
8333	12,
8334	13,
8338	14,
8339	15,
8340	16,
8344	17,
8360	11,
8364	12,
8365	13,
8366	14,
8370	15,
8371	16,
8372	17,
8376	18,
8392	12,
8396	13,
8397	14,
8398	15,
8402	16,
8403	17,
8404	18,
8424	13,
8428	14,
8429	15,
8430	16,
8434	17,
8435	18,
8436	19,
8456	14,
8460	15,
8461	16,
8462	17,
8488	15,
8492	16,
8493	17,
8494	18,
8520	16,
8524	17,
8525	18,
8526	19,
8552	17,
8556	18,
8557	19,
8558	20,
8716	9,
8720	10,
8721	11,
8722	12,
8726	13,
8727	14,
8728	15,
8732	16,
8733	17,
8734	18,
8748	10,
8752	11,
8753	12,
8754	13,
8758	14,
8759	15,
8760	16,
8764	17,
8765	18,
8766	19,
8780	11,
8784	12,
8785	13,
8786	14,
8790	15,
8791	16,
8792	17,
8796	18,
8797	19,
8798	20,
8812	12,
8816	13,
8817	14,
8818	15,
8822	16,
8823	17,
8824	18,
8828	19,
8829	20,
8830	21,
8844	13,
8848	14,
8849	15,
8850	16,
8854	17,
8876	14,
8880	15,
8881	16,
8882	17,
8886	18,
8908	15,
8912	16,
8913	17,
8914	18,
8918	19,
8940	16,
8944	17,
8945	18,
8946	19,
8950	20,
8966	13,
8972	17,
8998	14,
9004	18,
9030	15,
9036	19,
9062	16,
9068	20,
9094	17,
9126	18,
9158	19,
9190	20,
9232	12,
9236	13,
9237	14,
9238	15,
9242	16,
9243	17,
9244	18,
9264	13,
9268	14,
9269	15,
9270	16,
9274	17,
9275	18,
9276	19,
9296	14,
9300	15,
9301	16,
9302	17,
9306	18,
9328	15,
9332	16,
9333	17,
9334	18,
9338	19,
9360	16,
9364	17,
9365	18,
9366	19,
9392	17,
9396	18,
9397	19,
9398	20,
9424	18,
9428	19,
9456	19,
9460	20,
9476	13,
9477	14,
9478	15,
9482	16,
9508	14,
9509	15,
9510	16,
9514	17,
9540	15,
9541	16,
9542	17,
9546	18,
9572	16,
9573	17,
9574	18,
9578	19,
9604	17,
9605	18,
9606	19,
9636	18,
9637	19,
9638	20,
9668	19,
9700	20,
9748	15,
9752	16,
9753	17,
9754	18,
9758	19,
9780	16,
9784	17,
9785	18,
9786	19,
9790	20,
9812	17,
9816	18,
9817	19,
9818	20,
9822	21,
9844	18,
9848	19,
9849	20,
9850	21,
9854	22,
9876	19,
9908	20,
9986	13,
9987	14,
9988	15,
9992	16,
9993	17,
9994	18,
9998	19,
10018	14,
10019	15,
10020	16,
10024	17,
10025	18,
10026	19,
10030	20,
10050	15,
10051	16,
10052	17,
10056	18,
10057	19,
10058	20,
10062	21,
10082	16,
10083	17,
10084	18,
10088	19,
10089	20,
10090	21,
10094	22,
10114	17,
10115	18,
10116	19,
10146	18,
10147	19,
10148	20,
10178	19,
10210	20,
10240	5,
10241	6,
10242	7,
10246	8,
10247	9,
10248	10,
10252	11,
10253	12,
10254	13,
10258	14,
10272	6,
10273	7,
10274	8,
10278	9,
10279	10,
10280	11,
10284	12,
10285	13,
10286	14,
10290	15,
10304	7,
10305	8,
10306	9,
10310	10,
10311	11,
10312	12,
10316	13,
10317	14,
10318	15,
10322	16,
10336	8,
10337	9,
10338	10,
10342	11,
10343	12,
10344	13,
10348	14,
10349	15,
10350	16,
10354	17,
10368	9,
10369	10,
10370	11,
10374	12,
10375	13,
10376	14,
10380	15,
10381	16,
10382	17,
10386	18,
10400	10,
10401	11,
10402	12,
10406	13,
10407	14,
10408	15,
10412	16,
10413	17,
10414	18,
10418	19,
10432	11,
10433	12,
10434	13,
10438	14,
10439	15,
10440	16,
10444	17,
10445	18,
10446	19,
10464	12,
10465	13,
10466	14,
10470	15,
10471	16,
10472	17,
10476	18,
10477	19,
10478	20,
10496	13,
10497	14,
10498	15,
10502	16,
10528	14,
10529	15,
10530	16,
10534	17,
10560	15,
10561	16,
10562	17,
10566	18,
10592	16,
10593	17,
10594	18,
10598	19,
10624	17,
10656	18,
10756	8,
10757	9,
10758	10,
10762	11,
10763	12,
10764	13,
10768	14,
10769	15,
10770	16,
10774	17,
10788	9,
10789	10,
10790	11,
10794	12,
10795	13,
10796	14,
10800	15,
10801	16,
10802	17,
10806	18,
10820	10,
10821	11,
10822	12,
10826	13,
10827	14,
10828	15,
10832	16,
10833	17,
10834	18,
10838	19,
10852	11,
10853	12,
10854	13,
10858	14,
10859	15,
10860	16,
10864	17,
10865	18,
10866	19,
10870	20,
10884	12,
10885	13,
10886	14,
10890	15,
10891	16,
10892	17,
10896	18,
10916	13,
10917	14,
10918	15,
10922	16,
10923	17,
10924	18,
10928	19,
10948	14,
10949	15,
10950	16,
10954	17,
10955	18,
10956	19,
10980	15,
10981	16,
10982	17,
10986	18,
10987	19,
10988	20,
11012	16,
11013	17,
11014	18,
11018	19,
11044	17,
11045	18,
11046	19,
11050	20,
11076	18,
11077	19,
11078	20,
11108	19,
11109	20,
11110	21,
11268	10,
11272	11,
11273	12,
11274	13,
11278	14,
11279	15,
11280	16,
11284	17,
11285	18,
11286	19,
11300	11,
11304	12,
11305	13,
11306	14,
11310	15,
11311	16,
11312	17,
11316	18,
11317	19,
11318	20,
11332	12,
11336	13,
11337	14,
11338	15,
11342	16,
11343	17,
11344	18,
11348	19,
11364	13,
11368	14,
11369	15,
11370	16,
11374	17,
11375	18,
11376	19,
11380	20,
11396	14,
11400	15,
11401	16,
11402	17,
11406	18,
11428	15,
11432	16,
11433	17,
11434	18,
11438	19,
11460	16,
11464	17,
11465	18,
11466	19,
11470	20,
11492	17,
11496	18,
11497	19,
11498	20,
11502	21,
11524	18,
11556	19,
11784	13,
11788	14,
11789	15,
11790	16,
11794	17,
11795	18,
11796	19,
11816	14,
11820	15,
11821	16,
11822	17,
11826	18,
11827	19,
11828	20,
11848	15,
11852	16,
11853	17,
11854	18,
11858	19,
11880	16,
11884	17,
11885	18,
11886	19,
11890	20,
11912	17,
11916	18,
11917	19,
11918	20,
11944	18,
11948	19,
11949	20,
11950	21,
11976	19,
11980	20,
11981	21,
11982	22,
12008	20,
12012	21,
12013	22,
12014	23,
12294	12,
12300	16,
12326	13,
12332	17,
12358	14,
12364	18,
12390	15,
12396	19,
12422	16,
12454	17,
12486	18,
12518	19,
12804	12,
12805	13,
12806	14,
12810	15,
12836	13,
12837	14,
12838	15,
12842	16,
12868	14,
12869	15,
12870	16,
12874	17,
12900	15,
12901	16,
12902	17,
12906	18,
12932	16,
12933	17,
12934	18,
12938	19,
12964	17,
12965	18,
12966	19,
12970	20,
12996	18,
12997	19,
12998	20,
13028	19,
13029	20,
13030	21,
13314	12,
13315	13,
13316	14,
13320	15,
13321	16,
13322	17,
13326	18,
13346	13,
13347	14,
13348	15,
13352	16,
13353	17,
13354	18,
13358	19,
13378	14,
13379	15,
13380	16,
13384	17,
13385	18,
13386	19,
13390	20,
13410	15,
13411	16,
13412	17,
13416	18,
13417	19,
13418	20,
13422	21,
13442	16,
13443	17,
13444	18,
13474	17,
13475	18,
13476	19,
13506	18,
13538	19,
13824	12,
13825	13,
13826	14,
13830	15,
13831	16,
13832	17,
13836	18,
13837	19,
13838	20,
13856	13,
13857	14,
13858	15,
13862	16,
13863	17,
13864	18,
13868	19,
13869	20,
13870	21,
13888	14,
13889	15,
13890	16,
13894	17,
13895	18,
13896	19,
13900	20,
13920	15,
13921	16,
13922	17,
13926	18,
13927	19,
13928	20,
13932	21,
13952	16,
13953	17,
13954	18,
13958	19,
13984	17,
13985	18,
13986	19,
13990	20,
14016	18,
14017	19,
14018	20,
14022	21,
14048	19,
14049	20,
14050	21,
14054	22,
14340	15,
14341	16,
14342	17,
14346	18,
14372	16,
14373	17,
14374	18,
14378	19,
14404	17,
14405	18,
14406	19,
14436	18,
14437	19,
14438	20,
14852	17,
14856	18,
14884	18,
14888	19,
14916	19,
14948	20,
15878	19,
15910	20,
15942	21,
15974	22,
16386	3,
16387	4,
16388	5,
16392	6,
16393	7,
16394	8,
16398	9,
16404	13,
16408	14,
16409	15,
16410	16,
16414	17,
16418	4,
16419	5,
16420	6,
16424	7,
16425	8,
16426	9,
16430	10,
16436	14,
16440	15,
16441	16,
16442	17,
16446	18,
16450	5,
16451	6,
16452	7,
16456	8,
16457	9,
16458	10,
16462	11,
16468	15,
16472	16,
16473	17,
16474	18,
16478	19,
16482	6,
16483	7,
16484	8,
16488	9,
16489	10,
16490	11,
16494	12,
16500	16,
16504	17,
16505	18,
16506	19,
16510	20,
16514	7,
16515	8,
16516	9,
16520	10,
16521	11,
16522	12,
16526	13,
16532	17,
16536	18,
16546	8,
16547	9,
16548	10,
16552	11,
16553	12,
16554	13,
16558	14,
16564	18,
16568	19,
16578	9,
16579	10,
16580	11,
16584	12,
16585	13,
16586	14,
16590	15,
16596	19,
16610	10,
16611	11,
16612	12,
16616	13,
16617	14,
16618	15,
16622	16,
16628	20,
16642	11,
16643	12,
16644	13,
16648	14,
16649	15,
16650	16,
16654	17,
16674	12,
16675	13,
16676	14,
16680	15,
16681	16,
16682	17,
16686	18,
16706	13,
16707	14,
16708	15,
16712	16,
16713	17,
16714	18,
16718	19,
16738	14,
16739	15,
16740	16,
16744	17,
16745	18,
16746	19,
16750	20,
16770	15,
16771	16,
16772	17,
16776	18,
16802	16,
16803	17,
16804	18,
16808	19,
16834	17,
16835	18,
16836	19,
16866	18,
16867	19,
16868	20,
16896	3,
16897	4,
16898	5,
16902	6,
16903	7,
16904	8,
16908	9,
16909	10,
16910	11,
16914	12,
16920	16,
16924	17,
16925	18,
16926	19,
16928	4,
16929	5,
16930	6,
16934	7,
16935	8,
16936	9,
16940	10,
16941	11,
16942	12,
16946	13,
16952	17,
16956	18,
16957	19,
16958	20,
16960	5,
16961	6,
16962	7,
16966	8,
16967	9,
16968	10,
16972	11,
16973	12,
16974	13,
16978	14,
16984	18,
16988	19,
16989	20,
16990	21,
16992	6,
16993	7,
16994	8,
16998	9,
16999	10,
17000	11,
17004	12,
17005	13,
17006	14,
17010	15,
17016	19,
17020	20,
17021	21,
17022	22,
17024	7,
17025	8,
17026	9,
17030	10,
17031	11,
17032	12,
17036	13,
17037	14,
17038	15,
17042	16,
17056	8,
17057	9,
17058	10,
17062	11,
17063	12,
17064	13,
17068	14,
17069	15,
17070	16,
17074	17,
17088	9,
17089	10,
17090	11,
17094	12,
17095	13,
17096	14,
17100	15,
17101	16,
17102	17,
17106	18,
17120	10,
17121	11,
17122	12,
17126	13,
17127	14,
17128	15,
17132	16,
17133	17,
17134	18,
17138	19,
17152	11,
17153	12,
17154	13,
17158	14,
17159	15,
17160	16,
17164	17,
17165	18,
17166	19,
17184	12,
17185	13,
17186	14,
17190	15,
17191	16,
17192	17,
17196	18,
17197	19,
17198	20,
17216	13,
17217	14,
17218	15,
17222	16,
17223	17,
17224	18,
17228	19,
17229	20,
17230	21,
17248	14,
17249	15,
17250	16,
17254	17,
17255	18,
17256	19,
17260	20,
17261	21,
17262	22,
17280	15,
17281	16,
17282	17,
17286	18,
17312	16,
17313	17,
17314	18,
17318	19,
17344	17,
17345	18,
17346	19,
17350	20,
17376	18,
17377	19,
17378	20,
17382	21,
17412	6,
17413	7,
17414	8,
17418	9,
17419	10,
17420	11,
17424	12,
17425	13,
17426	14,
17430	15,
17436	19,
17444	7,
17445	8,
17446	9,
17450	10,
17451	11,
17452	12,
17456	13,
17457	14,
17458	15,
17462	16,
17468	20,
17476	8,
17477	9,
17478	10,
17482	11,
17483	12,
17484	13,
17488	14,
17489	15,
17490	16,
17494	17,
17508	9,
17509	10,
17510	11,
17514	12,
17515	13,
17516	14,
17520	15,
17521	16,
17522	17,
17526	18,
17540	10,
17541	11,
17542	12,
17546	13,
17547	14,
17548	15,
17552	16,
17553	17,
17554	18,
17558	19,
17572	11,
17573	12,
17574	13,
17578	14,
17579	15,
17580	16,
17584	17,
17585	18,
17586	19,
17590	20,
17604	12,
17605	13,
17606	14,
17610	15,
17611	16,
17612	17,
17616	18,
17617	19,
17618	20,
17622	21,
17636	13,
17637	14,
17638	15,
17642	16,
17643	17,
17644	18,
17648	19,
17649	20,
17650	21,
17654	22,
17668	14,
17669	15,
17670	16,
17674	17,
17675	18,
17676	19,
17700	15,
17701	16,
17702	17,
17706	18,
17707	19,
17708	20,
17732	16,
17733	17,
17734	18,
17738	19,
17764	17,
17765	18,
17766	19,
17770	20,
17796	18,
17797	19,
17798	20,
17828	19,
17829	20,
17830	21,
17860	20,
17892	21,
17924	8,
17928	9,
17929	10,
17930	11,
17934	12,
17935	13,
17936	14,
17940	15,
17941	16,
17942	17,
17946	18,
17956	9,
17960	10,
17961	11,
17962	12,
17966	13,
17967	14,
17968	15,
17972	16,
17973	17,
17974	18,
17978	19,
17988	10,
17992	11,
17993	12,
17994	13,
17998	14,
17999	15,
18000	16,
18004	17,
18005	18,
18006	19,
18010	20,
18020	11,
18024	12,
18025	13,
18026	14,
18030	15,
18031	16,
18032	17,
18036	18,
18037	19,
18038	20,
18042	21,
18052	12,
18056	13,
18057	14,
18058	15,
18062	16,
18063	17,
18064	18,
18068	19,
18069	20,
18070	21,
18084	13,
18088	14,
18089	15,
18090	16,
18094	17,
18095	18,
18096	19,
18100	20,
18101	21,
18102	22,
18116	14,
18120	15,
18121	16,
18122	17,
18126	18,
18127	19,
18128	20,
18132	21,
18148	15,
18152	16,
18153	17,
18154	18,
18158	19,
18159	20,
18160	21,
18164	22,
18180	16,
18184	17,
18185	18,
18186	19,
18190	20,
18212	17,
18216	18,
18217	19,
18218	20,
18222	21,
18244	18,
18248	19,
18249	20,
18250	21,
18254	22,
18276	19,
18280	20,
18281	21,
18282	22,
18286	23,
18308	20,
18340	21,
18440	11,
18444	12,
18445	13,
18446	14,
18450	15,
18451	16,
18452	17,
18456	18,
18472	12,
18476	13,
18477	14,
18478	15,
18482	16,
18483	17,
18484	18,
18488	19,
18504	13,
18508	14,
18509	15,
18510	16,
18514	17,
18515	18,
18516	19,
18536	14,
18540	15,
18541	16,
18542	17,
18546	18,
18547	19,
18548	20,
18568	15,
18572	16,
18573	17,
18574	18,
18578	19,
18600	16,
18604	17,
18605	18,
18606	19,
18610	20,
18632	17,
18636	18,
18637	19,
18638	20,
18664	18,
18668	19,
18669	20,
18670	21,
18722	16,
18754	17,
18786	18,
18818	19,
18850	20,
18950	10,
18956	14,
18960	15,
18961	16,
18962	17,
18966	18,
18982	11,
18988	15,
18992	16,
18993	17,
18994	18,
18998	19,
19014	12,
19020	16,
19024	17,
19025	18,
19026	19,
19030	20,
19046	13,
19052	17,
19056	18,
19057	19,
19058	20,
19062	21,
19078	14,
19084	18,
19088	19,
19110	15,
19116	19,
19120	20,
19142	16,
19148	20,
19174	17,
19180	21,
19206	18,
19232	16,
19233	17,
19234	18,
19238	19,
19264	17,
19265	18,
19266	19,
19270	20,
19296	18,
19297	19,
19298	20,
19302	21,
19328	19,
19360	20,
19460	10,
19461	11,
19462	12,
19466	13,
19472	17,
19476	18,
19477	19,
19478	20,
19492	11,
19493	12,
19494	13,
19498	14,
19504	18,
19508	19,
19509	20,
19510	21,
19524	12,
19525	13,
19526	14,
19530	15,
19536	19,
19540	20,
19556	13,
19557	14,
19558	15,
19562	16,
19568	20,
19572	21,
19588	14,
19589	15,
19590	16,
19594	17,
19620	15,
19621	16,
19622	17,
19626	18,
19652	16,
19653	17,
19654	18,
19658	19,
19684	17,
19685	18,
19686	19,
19690	20,
19716	18,
19717	19,
19718	20,
19748	19,
19749	20,
19750	21,
19780	20,
19812	21,
19970	10,
19971	11,
19972	12,
19976	13,
19977	14,
19978	15,
19982	16,
19988	20,
20002	11,
20003	12,
20004	13,
20008	14,
20009	15,
20010	16,
20014	17,
20020	21,
20034	12,
20035	13,
20036	14,
20040	15,
20041	16,
20042	17,
20046	18,
20066	13,
20067	14,
20068	15,
20072	16,
20073	17,
20074	18,
20078	19,
20098	14,
20099	15,
20100	16,
20104	17,
20105	18,
20106	19,
20110	20,
20130	15,
20131	16,
20132	17,
20136	18,
20137	19,
20138	20,
20142	21,
20162	16,
20163	17,
20164	18,
20168	19,
20169	20,
20170	21,
20174	22,
20194	17,
20195	18,
20196	19,
20200	20,
20201	21,
20202	22,
20206	23,
20226	18,
20227	19,
20228	20,
20258	19,
20259	20,
20260	21,
20290	20,
20322	21,
20480	10,
20481	11,
20482	12,
20486	13,
20487	14,
20488	15,
20492	16,
20493	17,
20494	18,
20512	11,
20513	12,
20514	13,
20518	14,
20519	15,
20520	16,
20524	17,
20525	18,
20526	19,
20544	12,
20545	13,
20546	14,
20550	15,
20551	16,
20552	17,
20556	18,
20557	19,
20558	20,
20576	13,
20577	14,
20578	15,
20582	16,
20583	17,
20584	18,
20588	19,
20589	20,
20590	21,
20608	14,
20609	15,
20610	16,
20614	17,
20640	15,
20641	16,
20642	17,
20646	18,
20672	16,
20673	17,
20674	18,
20678	19,
20704	17,
20705	18,
20706	19,
20710	20,
20996	13,
20997	14,
20998	15,
21002	16,
21003	17,
21004	18,
21028	14,
21029	15,
21030	16,
21034	17,
21035	18,
21036	19,
21060	15,
21061	16,
21062	17,
21066	18,
21067	19,
21068	20,
21092	16,
21093	17,
21094	18,
21098	19,
21099	20,
21100	21,
21124	17,
21125	18,
21126	19,
21130	20,
21156	18,
21157	19,
21158	20,
21162	21,
21188	19,
21189	20,
21190	21,
21220	20,
21221	21,
21222	22,
21508	15,
21512	16,
21513	17,
21514	18,
21518	19,
21540	16,
21544	17,
21545	18,
21546	19,
21550	20,
21572	17,
21576	18,
21577	19,
21578	20,
21582	21,
21604	18,
21608	19,
21609	20,
21610	21,
21614	22,
21636	19,
21668	20,
22024	18,
22028	19,
22029	20,
22030	21,
22056	19,
22060	20,
22061	21,
22062	22,
22088	20,
22092	21,
22120	21,
22124	22,
